Traverse List in the given order
******
551
68
875
123
383
215
499
932
293
922
497
268
566
203
302
******
Sorting loop count: 1
******
68
551
875
123
383
215
499
932
293
922
497
268
566
203
302
******
Sorting loop count: 2
******
68
123
875
551
383
215
499
932
293
922
497
268
566
203
302
******
Sorting loop count: 3
******
68
123
203
551
383
215
499
932
293
922
497
268
566
875
302
******
Sorting loop count: 4
******
68
123
203
215
383
551
499
932
293
922
497
268
566
875
302
******
Sorting loop count: 5
******
68
123
203
215
268
551
499
932
293
922
497
383
566
875
302
******
Sorting loop count: 6
******
68
123
203
215
268
293
499
932
551
922
497
383
566
875
302
******
Sorting loop count: 7
******
68
123
203
215
268
293
302
932
551
922
497
383
566
875
499
******
Sorting loop count: 8
******
68
123
203
215
268
293
302
383
551
922
497
932
566
875
499
******
Sorting loop count: 9
******
68
123
203
215
268
293
302
383
497
922
551
932
566
875
499
******
Sorting loop count: 10
******
68
123
203
215
268
293
302
383
497
499
551
932
566
875
922
******
Sorting loop count: 11
******
68
123
203
215
268
293
302
383
497
499
551
932
566
875
922
******
Sorting loop count: 12
******
68
123
203
215
268
293
302
383
497
499
551
566
932
875
922
******
Sorting loop count: 13
******
68
123
203
215
268
293
302
383
497
499
551
566
875
932
922
******
Sorting loop count: 14
******
68
123
203
215
268
293
302
383
497
499
551
566
875
922
932
******
List Traversal After sorting
******
68
123
203
215
268
293
302
383
497
499
551
566
875
922
932
******
